[MAG_SETTING_Info]
A11=15
A12=0
A13=1
A21=-0.02791
A22=0.8196
A23=1
A31=1
A32=1
A33=1
k1=0.5
k2=0.866
B1T_a0=60770
B1T_a1=-5.319
B1T_a2=-0.02043
B2T_a0=1
B2T_a1=1
B2T_a2=1
B3T_a0=1
B3T_a1=1
B3T_a2=1
C1T_a0=1.1131
C1T_a1=-0.003724
C1T_a2=-1.235E-05
C2T_a0=1
C2T_a1=1
C2T_a2=1
C3T_a0=1
C3T_a1=1
C3T_a2=1
a1=-6
a2=-30000
Time=20
Mx_Theory=-4096
My_Theory=8312
Mz_Theory=1
Auto_Time=30
Pulse_Num=10
Set_Time=2
Reset_Time=2
UpdatNum=10
SlopeNum=15
SlopeTre=3
ADSampleFre=10
