[MAG_SETTING_Info]
A11=0.859795
A12=-0.017178
A13=-0.040956
A21=0.122941
A22=1.332108
A23=0.051725
A31=-0.135965
A32=0.104890
A33=1.411556
k1=0.5
k2=0.866
B1T_a0=23648.5641944355
B1T_a1=51.0306693526922
B1T_a2=0.120088787402708
B2T_a0=33177.7372624174
B2T_a1=18.8330382853408
B2T_a2=0.276505852328849
B3T_a0=32234.4719656778
B3T_a1=56.9380043741467
B3T_a2=-0.737453067114019
C1T_a0=1.21550438768012
C1T_a1=-0.00567309231425803
C1T_a2=6.41687199523294e-06
C2T_a0=1.06910681664813
C2T_a1=-0.00502083670111538
C2T_a2=2.21026432660315e-06
C3T_a0=1.26106752300482
C3T_a1=-0.0115894908399423
C3T_a2=7.73853633222034e-05	
a1=100
a2=-30000
Time=20
Mx_Theory=-3842
My_Theory=9370
Mz_Theory=9370
Auto_Time=30
Pulse_Num=2
Set_Time=2
Reset_Time=4
UpdatNum=10
SlopeNum=15
SlopeTre=3
ADSampleFre=200
ay1=50
az1=50
