[TN_SETTING_Info]
GX_3=0
GX_2=-0.002197389
GX_1=-0.001978775
GX_0=1
GY_3=0
GY_2=5.231039E-05
GY_1=0.01033658
GY_0=23
GZ_3=0
GZ_2=-2.857874E-05
GZ_1=0.00240705
GZ_0=1
AX_3=0
AX_2=0
AX_1=0
AX_0=1
AY_3=0
AY_2=0
AY_1=0
AY_0=0
AZ_3=0
AZ_2=0
AZ_1=0
AZ_0=1
MX_3=0
MX_2=0
MX_1=0
MX_0=0
MY_3=0
MY_2=0
MY_1=0
MY_0=0
MZ_3=0
MZ_2=0
MZ_1=0
MZ_0=0
AX2_3=0
AX2_2=0
AX2_1=0
AX2_0=0
AY2_3=0
AY2_2=0
AY2_1=0
AY2_0=0
AZ2_3=0
AZ2_2=0
AZ2_1=0
AZ2_0=0
