[MAG_SETTING_Info]
A11=15.00000000
A12=0.00000000
A13=2321.00000000
A21=-0.02790000
A22=0.81959999
A23=1.00000000
A31=1.00000000
A32=1.00000000
A33=1.00000000
k1=0.50000000
k2=0.86600000
B1T_a0=60770.00000000
B1T_a1=-5.31899977
B1T_a2=-0.02040000
B2T_a0=1.00000000
B2T_a1=1.00000000
B2T_a2=1.00000000
B3T_a0=1.00000000
B3T_a1=1.00000000
B3T_a2=1.00000000
C1T_a0=1.11310005
C1T_a1=-0.00370000
C1T_a2=0.00000000
C2T_a0=1.00000000
C2T_a1=1.00000000
C2T_a2=1.00000000
C3T_a0=1.00000000
C3T_a1=1.00000000
C3T_a2=1.00000000
a1=500.00000000
a2=-30000.00000000
Time=20.00000000
Mx_Theory=-4096.00000000
My_Theory=8312.00000000
Mz_Theory=1.00000000
Auto_Time=30.00000000
Pulse_Num=10.00000000
Set_Time=2.00000000
Reset_Time=2.00000000
UpdatNum=10.00000000
SlopeNum=15.00000000
SlopeTre=3.00000000
ADSampleFre=200.00000000
ay1=100.00000000
az1=100.00000000
GPSOnTime=0.00000000
Time2=0.00000000
