[RC_SETTING_Info]
AX_NULL=0.00000000
AX_SF=1.00000000
AY_NULL=0.00000000
AY_SF=1.00000000
AZ_NULL=0.00000000
AZ_SF=1.00000000
GX_NULL=0.00000000
GX_SF=1.00000000
GY_NULL=0.00000000
GY_SF=1.00000000
GZ_NULL=0.00000000
GZ_SF=1.00000000
