[TN_SETTING_Info]
AX_3=-0.000000137
AX_2=-0.000004558
AX_1=-0.000674688
AX_0=-0.042707955
AY_3=-0.000000079
AY_2=-0.000006461
AY_1=-0.000271506
AY_0=0.020261450
AZ_3=0.000001367
AZ_2=-0.000043236
AZ_1=-0.000416548
AZ_0=0.101043319
GX_3=0.000002668
GX_2=0.000155035
GX_1=-0.011580038
GX_0=-0.001316435
GY_3=-0.000003058
GY_2=0.000148669
GY_1=-0.001225114
GY_0=0.112360407
GZ_3=0.000005688
GZ_2=-0.000297368
GZ_1=0.005685203
GZ_0=0.340090253
