[MAG_SETTING_Info]
A11=0.859795
A12=-0.017178
A13=-0.040956
A21=0.122941
A22=1.332108
A23=0.051725
A31=-0.135965
A32=0.10489
A33=1.411556
k1=0.5
k2=0.866
B1T_a0=23648.56
B1T_a1=51.03067
B1T_a2=0.1200888
B2T_a0=33177.74
B2T_a1=18.83304
B2T_a2=0.2765059
B3T_a0=32234.47
B3T_a1=56.938
B3T_a2=-0.737453
C1T_a0=1.215504
C1T_a1=-0.005673092
C1T_a2=6.416872E-06
C2T_a0=1.069107
C2T_a1=-0.005020837
C2T_a2=2.210264E-06
C3T_a0=1.261068
C3T_a1=-0.01158949
C3T_a2=7.738536E-05
a1=5
a2=5
Time=5000
Mx_Theory=-3842
My_Theory=9370
Mz_Theory=9370
Auto_Time=30
Pulse_Num=2
Set_Time=2
Reset_Time=4
UpdatNum=10
SlopeNum=18
SlopeTre=5
ADSampleFre=200
ay1=10000
az1=50
GPSOnTime=1
