[RC_SETTING_Info]
GX_NULL=32723.25
GX_SF=-0.009956363
GY_NULL=32808.09
GY_SF=0.009736811
GZ_NULL=32454.02
GZ_SF=0.009847788
AX_NULL=22777.32
AX_SF=0.0106848
AY_NULL=22737.32
AY_SF=0.0106848
AZ_NULL=22663.91
AZ_SF=-0.01098901
MX_NULL=0
MX_SF=1
MY_NULL=0
MY_SF=1
MZ_NULL=0
MZ_SF=1
AX2_NULL=22953.68
AX2_SF=-0.01085348
AY2_NULL=22777.32
AY2_SF=0.0106848
AZ2_NULL=22703.91
AZ2_SF=-0.01098901
